Statistics for R1 VS R1
	0RU	0Kill	1RU	1Kill	2RU	2Kill	3RU	3Kill	5RU	5Kill	9RU	9Kill	10RU	10Kill	11RU	11Kill	12RU	12Kill	13RU	13Kill	14RU	14Kill	16RU	16Kill	17RU	17Kill	18RU	18Kill	19RU	19Kill	20RU	20Kill	23RU	23Kill	29RU	29Kill	30RU	30Kill	
 0 R1 AdvanceSupportFrigate	1.000	1.000	0.400	2.000	0.000	0.000	1.600	8.000	0.471	0.250	1.176	2.000	0.484	0.056	0.306	2.000	0.518	4.000	0.382	0.250	0.953	3.000	0.906	11.000	0.347	0.500	0.321	0.091	1.046	0.056	0.265	0.500	2.471	7.000	0.227	0.071	0.451	0.333	
 1 R1         AttackBomber	2.500	0.500	1.000	1.000	3.922	0.167	2.000	2.000	1.882	0.200	0.588	0.200	7.255	0.167	0.382	0.500	1.294	2.000	3.824	0.500	0.529	0.333	1.235	3.000	6.941	2.000	0.588	0.033	3.137	0.033	0.662	0.250	17.647	10.000	2.647	0.167	2.255	0.333	
 2 R1              Carrier	0.000	0.000	0.255	6.000	1.000	1.000	1.275	30.000	0.100	0.250	0.500	4.000	0.463	0.250	0.008	0.250	0.440	16.000	0.081	0.250	0.675	10.000	0.525	30.000	0.738	5.000	0.188	0.250	0.000	0.000	0.225	2.000	2.250	30.000	0.169	0.250	0.072	0.250	
 3 R1       CloakedFighter	0.625	0.125	0.500	0.500	0.784	0.033	1.000	1.000	1.046	0.111	0.368	0.125	1.451	0.033	0.255	0.333	0.324	0.500	1.092	0.143	0.397	0.250	0.824	2.000	13.882	4.000	0.588	0.033	3.137	0.033	0.378	0.143	8.824	5.000	0.529	0.033	0.966	0.143	
 5 R1           DDDFrigate	2.125	4.000	0.531	5.000	10.000	4.000	0.956	9.000	1.000	1.000	1.875	6.000	0.771	0.167	0.731	9.000	0.344	5.000	0.813	1.000	2.025	12.000	0.613	14.000	1.475	4.000	0.625	0.333	1.000	0.100	0.844	3.000	3.563	19.000	0.563	0.333	1.438	2.000	
 9 R1        HeavyCorvette	0.850	0.500	1.700	5.000	2.000	0.250	2.720	8.000	0.533	0.167	1.000	1.000	0.493	0.033	0.520	2.000	0.880	4.000	0.867	0.333	1.620	3.000	1.120	8.000	4.720	4.000	0.353	0.059	1.524	0.048	0.900	1.000	3.600	6.000	0.360	0.067	0.383	0.167	
10 R1         HeavyCruiser	2.068	18.000	0.138	6.000	2.162	4.000	0.689	30.000	1.297	6.000	2.027	30.000	1.000	1.000	0.316	18.000	0.342	23.000	1.054	6.000	1.095	30.000	0.284	30.000	0.718	9.000	1.622	4.000	2.162	1.000	1.520	25.000	1.216	30.000	1.095	3.000	1.243	8.000	
11 R1        HeavyDefender	3.269	0.500	2.615	2.000	123.077	4.000	3.923	3.000	1.368	0.111	1.923	0.500	3.162	0.056	1.000	1.000	1.692	2.000	5.000	0.500	4.154	2.000	1.615	3.000	2.269	0.500	1.049	0.045	0.000	0.000	1.731	0.500	13.846	6.000	1.484	0.071	2.949	0.333	
12 R1     HeavyInterceptor	1.932	0.250	0.773	0.500	2.273	0.063	3.091	2.000	2.909	0.200	1.136	0.250	2.925	0.043	0.591	0.500	1.000	1.000	2.955	0.250	0.818	0.333	0.636	1.000	5.364	1.000	0.909	0.033	4.848	0.033	1.023	0.250	16.364	6.000	2.231	0.091	2.614	0.250	
13 R1     IonCannonFrigate	2.615	4.000	0.262	2.000	12.308	4.000	0.915	7.000	1.231	1.000	1.154	3.000	0.949	0.167	0.200	2.000	0.338	4.000	1.000	1.000	1.038	5.000	0.700	13.000	0.227	0.500	0.769	0.333	12.308	1.000	0.346	1.000	3.692	16.000	0.519	0.250	1.769	2.000	
14 R1        LightCorvette	1.049	0.333	1.889	3.000	1.481	0.100	2.519	4.000	0.494	0.083	0.617	0.333	0.914	0.033	0.241	0.500	1.222	3.000	0.963	0.200	1.000	1.000	1.296	5.000	2.185	1.000	0.370	0.033	1.975	0.033	0.556	0.333	4.444	4.000	0.435	0.043	0.355	0.083	
16 R1     LightInterceptor	1.104	0.091	0.810	0.333	1.905	0.033	1.214	0.500	1.633	0.071	0.893	0.125	3.524	0.033	0.619	0.333	1.571	1.000	1.429	0.077	0.771	0.200	1.000	1.000	8.429	1.000	1.429	0.033	7.619	0.033	1.286	0.200	8.571	2.000	1.286	0.033	1.494	0.091	
17 R1    MinelayerCorvette	2.881	2.000	0.144	0.500	1.356	0.200	0.072	0.250	0.678	0.250	0.212	0.250	1.394	0.111	0.441	2.000	0.186	1.000	4.407	2.000	0.458	1.000	0.119	1.000	1.000	1.000	0.636	0.125	2.260	0.083	0.381	0.500	2.542	5.000	1.144	0.250	0.975	0.500	
18 R1     MissileDestroyer	3.117	11.000	1.700	30.000	5.333	4.000	1.700	30.000	1.600	3.000	2.833	17.000	0.617	0.250	0.953	22.000	1.100	30.000	1.300	3.000	2.700	30.000	0.700	30.000	1.573	8.000	1.000	1.000	5.333	1.000	4.500	30.000	3.000	30.000	0.450	0.500	1.150	3.000	
19 R1           Mothership	0.956	18.000	0.319	30.000	0.000	0.000	0.319	30.000	1.000	10.000	0.656	21.000	0.463	1.000	0.000	0.000	0.206	30.000	0.081	1.000	0.506	30.000	0.131	30.000	0.442	12.000	0.188	1.000	1.000	1.000	0.506	18.000	0.563	30.000	0.169	1.000	0.000	0.000	
20 R1     MultiGunCorvette	3.778	2.000	1.511	4.000	4.444	0.500	2.644	7.000	1.185	0.333	1.111	1.000	0.658	0.040	0.578	2.000	0.978	4.000	2.889	1.000	1.800	3.000	0.778	5.000	2.622	2.000	0.222	0.033	1.975	0.056	1.000	1.000	4.667	7.000	0.545	0.091	0.852	0.333	
23 R1       RepairCorvette	0.405	0.143	0.057	0.100	0.444	0.033	0.113	0.200	0.281	0.053	0.278	0.167	0.822	0.033	0.072	0.167	0.061	0.167	0.271	0.063	0.225	0.250	0.117	0.500	0.393	0.200	0.333	0.033	1.778	0.033	0.214	0.143	1.000	1.000	0.300	0.033	0.128	0.033	
29 R1    StandardDestroyer	4.407	14.000	0.378	6.000	5.926	4.000	1.889	30.000	1.778	3.000	2.778	15.000	0.914	0.333	0.674	14.000	0.448	11.000	1.926	4.000	2.300	23.000	0.778	30.000	0.874	4.000	2.222	2.000	5.926	1.000	1.833	11.000	3.333	30.000	1.000	1.000	1.704	4.000	
30 R1      StandardFrigate	2.217	3.000	0.443	3.000	13.913	4.000	1.035	7.000	0.696	0.500	2.609	6.000	0.804	0.125	0.339	3.000	0.383	4.000	0.565	0.500	2.817	12.000	0.670	11.000	1.026	2.000	0.870	0.333	0.000	0.000	1.174	3.000	7.826	30.000	0.587	0.250	1.000	1.000	

Statistics for R1 VS R2
	35RU	35Kill	36RU	36Kill	37RU	37Kill	44RU	44Kill	45RU	45Kill	46RU	46Kill	47RU	47Kill	48RU	48Kill	49RU	49Kill	51RU	51Kill	52RU	52Kill	53RU	53Kill	54RU	54Kill	55RU	55Kill	58RU	58Kill	64RU	64Kill	65RU	65Kill	
 0 R1 AdvanceSupportFrigate	0.500	0.500	0.400	2.000	0.784	0.167	1.176	2.000	0.484	0.056	0.459	3.000	0.518	4.000	0.382	0.250	1.271	4.000	0.988	12.000	0.694	1.000	0.321	0.091	0.000	0.000	0.265	0.500	10.588	30.000	0.529	0.167	0.451	0.333	
 1 R1         AttackBomber	2.500	0.500	2.000	2.000	4.706	0.200	0.735	0.250	6.218	0.143	0.382	0.500	0.647	1.000	3.824	0.500	0.529	0.333	1.235	3.000	13.882	4.000	0.588	0.033	4.278	0.045	0.662	0.250	52.941	30.000	3.971	0.250	2.255	0.333	
 2 R1              Carrier	0.000	0.000	0.255	6.000	0.000	0.000	0.625	5.000	0.463	0.250	0.000	0.000	0.440	16.000	0.081	0.250	0.743	11.000	0.525	30.000	0.590	4.000	0.188	0.250	0.000	0.000	0.338	3.000	2.250	30.000	0.169	0.250	0.072	0.250	
 3 R1       CloakedFighter	1.250	0.250	1.000	1.000	0.784	0.033	0.490	0.167	1.451	0.033	0.255	0.333	0.324	0.500	1.092	0.143	0.397	0.250	0.824	2.000	3.471	1.000	0.588	0.033	3.137	0.033	0.441	0.167	19.412	11.000	0.529	0.033	0.966	0.143	
 5 R1           DDDFrigate	2.125	4.000	0.637	6.000	2.500	1.000	1.875	6.000	0.771	0.167	0.894	11.000	0.412	6.000	3.250	4.000	1.519	9.000	0.656	15.000	1.475	4.000	0.625	0.333	2.000	0.200	1.125	4.000	5.625	30.000	0.844	0.500	1.438	2.000	
 9 R1        HeavyCorvette	0.567	0.333	1.700	5.000	2.000	0.250	2.000	2.000	0.493	0.033	0.780	3.000	1.100	5.000	5.200	2.000	1.620	3.000	1.120	8.000	9.440	8.000	0.353	0.059	0.000	0.000	0.900	1.000	18.000	30.000	0.771	0.143	0.460	0.200	
10 R1         HeavyCruiser	2.068	18.000	0.184	8.000	2.162	4.000	1.959	29.000	1.000	1.000	0.264	15.000	0.446	30.000	1.054	6.000	1.095	30.000	0.284	30.000	0.877	11.000	1.216	3.000	2.162	1.000	1.703	28.000	1.216	30.000	1.095	3.000	1.243	8.000	
11 R1        HeavyDefender	1.635	0.250	2.615	2.000	0.000	0.000	1.282	0.333	2.846	0.050	2.000	2.000	2.538	3.000	10.000	1.000	2.077	1.000	1.615	3.000	2.269	0.500	0.962	0.042	12.308	0.100	1.731	0.500	69.231	30.000	10.385	0.500	4.423	0.500	
12 R1     HeavyInterceptor	1.932	0.250	1.545	1.000	2.273	0.063	1.136	0.250	2.242	0.033	0.591	0.500	1.000	1.000	2.955	0.250	0.818	0.333	1.909	3.000	16.091	3.000	0.909	0.033	4.848	0.033	1.023	0.250	2.727	1.000	2.231	0.091	2.614	0.250	
13 R1     IonCannonFrigate	1.962	3.000	0.262	2.000	1.538	0.500	0.385	1.000	0.949	0.167	0.300	3.000	0.338	4.000	1.000	1.000	0.831	4.000	0.592	11.000	0.227	0.500	0.769	0.333	12.308	1.000	0.346	1.000	6.923	30.000	0.692	0.333	1.769	2.000	
14 R1        LightCorvette	0.525	0.167	2.519	4.000	1.481	0.100	0.617	0.333	0.914	0.033	0.481	1.000	1.222	3.000	0.802	0.167	2.000	2.000	1.296	5.000	2.185	1.000	0.370	0.033	1.975	0.033	0.556	0.333	33.333	30.000	0.909	0.091	0.387	0.091	
16 R1     LightInterceptor	1.214	0.100	1.214	0.500	1.905	0.033	1.190	0.167	3.524	0.033	0.929	0.500	0.786	0.500	1.688	0.091	0.771	0.200	1.000	1.000	4.214	0.500	1.429	0.033	7.619	0.033	1.286	0.200	128.571	30.000	1.286	0.033	1.494	0.091	
17 R1    MinelayerCorvette	2.881	2.000	0.072	0.250	1.356	0.200	0.212	0.250	1.394	0.111	0.661	3.000	0.186	1.000	4.407	2.000	0.229	0.500	0.237	2.000	1.000	1.000	0.636	0.125	2.465	0.091	0.763	1.000	15.254	30.000	1.144	0.250	0.975	0.500	
18 R1     MissileDestroyer	2.267	8.000	1.700	30.000	5.333	4.000	3.000	18.000	0.617	0.250	0.953	22.000	1.100	30.000	1.300	3.000	2.700	30.000	0.700	30.000	1.770	9.000	1.000	1.000	5.333	1.000	4.500	30.000	3.000	30.000	0.450	0.500	1.150	3.000	
19 R1           Mothership	0.956	18.000	0.319	30.000	0.000	0.000	0.813	26.000	0.463	1.000	0.000	0.000	0.206	30.000	0.081	1.000	0.506	30.000	0.131	30.000	0.442	12.000	0.188	1.000	0.000	0.000	0.675	24.000	0.563	30.000	0.169	1.000	0.000	0.000	
20 R1     MultiGunCorvette	0.944	0.500	1.889	5.000	2.963	0.333	1.111	1.000	0.747	0.045	0.867	3.000	0.733	3.000	2.889	1.000	1.800	3.000	1.089	7.000	3.933	3.000	0.417	0.063	7.111	0.200	1.000	1.000	20.000	30.000	1.200	0.200	1.278	0.500	
23 R1       RepairCorvette	0.218	0.077	0.052	0.091	0.444	0.033	0.278	0.167	0.822	0.033	0.087	0.200	0.061	0.167	0.255	0.059	0.150	0.167	0.078	0.333	0.328	0.167	0.333	0.033	1.778	0.033	0.214	0.143	30.000	30.000	0.300	0.033	0.142	0.037	
29 R1    StandardDestroyer	3.778	12.000	0.315	5.000	5.926	4.000	2.593	14.000	0.914	0.333	1.156	24.000	0.407	10.000	1.444	3.000	2.600	26.000	0.778	30.000	1.093	5.000	2.222	2.000	5.926	1.000	2.333	14.000	3.333	30.000	1.000	1.000	1.704	4.000	
30 R1      StandardFrigate	1.478	2.000	0.591	4.000	1.159	0.333	2.609	6.000	0.804	0.125	0.226	2.000	0.383	4.000	0.565	0.500	2.817	12.000	0.670	11.000	1.026	2.000	0.870	0.333	0.000	0.000	1.565	4.000	7.826	30.000	0.587	0.250	1.000	1.000	

Statistics for R1 VS P1
	70RU	70Kill	71RU	71Kill	72RU	72Kill	73RU	73Kill	74RU	74Kill	
 0 R1 AdvanceSupportFrigate	0.059	25.000	0.294	0.250	0.009	4.000	0.418	0.056	0.016	7.000	
 1 R1         AttackBomber	0.012	1.000	5.882	1.000	0.004	0.333	1.255	0.033	0.006	0.500	
 2 R1              Carrier	0.013	25.000	0.063	0.250	0.005	10.000	0.400	0.250	0.013	25.000	
 3 R1       CloakedFighter	0.035	3.000	1.471	0.250	0.003	0.250	1.255	0.033	0.012	1.000	
 5 R1           DDDFrigate	0.031	25.000	3.125	5.000	0.013	10.000	0.571	0.143	0.031	25.000	
 9 R1        HeavyCorvette	0.060	15.000	4.000	2.000	0.008	2.000	0.427	0.033	0.012	3.000	
10 R1         HeavyCruiser	0.007	25.000	0.811	6.000	0.007	25.000	1.730	2.000	0.007	25.000	
11 R1        HeavyDefender	0.046	3.000	7.692	1.000	0.015	1.000	1.698	0.034	0.015	1.000	
12 R1     HeavyInterceptor	0.073	4.000	3.030	0.333	0.005	0.250	1.939	0.033	0.009	0.500	
13 R1     IonCannonFrigate	0.038	25.000	0.769	1.000	0.009	6.000	0.985	0.200	0.029	19.000	
14 R1        LightCorvette	0.044	6.000	1.235	0.333	0.002	0.333	0.790	0.033	0.004	0.500	
16 R1     LightInterceptor	0.029	1.000	2.041	0.143	0.006	0.200	3.048	0.033	0.010	0.333	
17 R1    MinelayerCorvette	0.003	1.000	5.085	3.000	0.003	1.000	0.904	0.083	0.003	1.000	
18 R1     MissileDestroyer	0.017	25.000	1.000	3.000	0.017	25.000	1.067	0.500	0.017	25.000	
19 R1           Mothership	0.003	25.000	0.063	1.000	0.003	25.000	0.400	1.000	0.003	25.000	
20 R1     MultiGunCorvette	0.053	12.000	4.444	2.000	0.009	2.000	0.490	0.034	0.013	3.000	
23 R1       RepairCorvette	0.013	2.000	0.370	0.111	0.002	0.250	0.711	0.033	0.002	0.333	
29 R1    StandardDestroyer	0.019	25.000	1.111	3.000	0.013	17.000	1.185	0.500	0.019	25.000	
30 R1      StandardFrigate	0.043	25.000	0.435	0.500	0.016	9.000	1.113	0.200	0.043	25.000	

Statistics for R1 VS P2
	75RU	75Kill	77RU	77Kill	78RU	78Kill	79RU	79Kill	
 0 R1 AdvanceSupportFrigate	0.176	3.000	0.418	0.056	0.118	0.100	0.353	6.000	
 1 R1         AttackBomber	0.147	0.500	0.000	0.000	1.961	0.333	0.882	3.000	
 2 R1              Carrier	0.313	25.000	0.400	0.250	0.063	0.250	0.000	0.000	
 3 R1       CloakedFighter	0.294	1.000	1.255	0.033	0.735	0.125	1.176	4.000	
 5 R1           DDDFrigate	0.281	9.000	1.333	0.333	0.313	0.500	0.438	14.000	
 9 R1        HeavyCorvette	0.200	2.000	3.200	0.250	0.250	0.125	0.200	2.000	
10 R1         HeavyCruiser	0.169	25.000	0.288	0.333	0.405	3.000	0.000	0.000	
11 R1        HeavyDefender	0.192	0.500	5.470	0.111	1.099	0.143	0.192	0.500	
12 R1     HeavyInterceptor	0.909	2.000	1.939	0.033	1.818	0.200	6.364	14.000	
13 R1     IonCannonFrigate	0.000	0.000	0.492	0.100	0.256	0.333	0.000	0.000	
14 R1        LightCorvette	0.370	2.000	1.975	0.083	0.285	0.077	0.185	1.000	
16 R1     LightInterceptor	7.857	11.000	3.048	0.033	1.299	0.091	6.429	9.000	
17 R1    MinelayerCorvette	0.254	3.000	0.904	0.083	0.565	0.333	0.339	4.000	
18 R1     MissileDestroyer	0.417	25.000	0.711	0.333	0.667	2.000	0.417	25.000	
19 R1           Mothership	0.078	25.000	0.400	1.000	0.188	3.000	0.078	25.000	
20 R1     MultiGunCorvette	0.222	2.000	2.844	0.200	0.278	0.125	0.333	3.000	
23 R1       RepairCorvette	0.500	3.000	0.000	0.000	0.111	0.033	0.333	2.000	
29 R1    StandardDestroyer	0.463	25.000	0.474	0.200	0.741	2.000	0.463	25.000	
30 R1      StandardFrigate	0.304	7.000	0.506	0.091	0.290	0.333	0.391	9.000	

Statistics for R2 VS R1
	0RU	0Kill	1RU	1Kill	2RU	2Kill	3RU	3Kill	5RU	5Kill	9RU	9Kill	10RU	10Kill	11RU	11Kill	12RU	12Kill	13RU	13Kill	14RU	14Kill	16RU	16Kill	17RU	17Kill	18RU	18Kill	19RU	19Kill	20RU	20Kill	23RU	23Kill	29RU	29Kill	30RU	30Kill	
35 R2 AdvanceSupportFrigate	2.000	2.000	0.400	2.000	0.000	0.000	0.800	4.000	0.471	0.250	1.765	3.000	0.484	0.056	0.612	4.000	0.518	4.000	0.510	0.333	1.906	6.000	0.824	10.000	0.347	0.500	0.441	0.125	1.046	0.056	1.059	2.000	4.588	13.000	0.265	0.083	0.676	0.500	
36 R2         AttackBomber	2.500	0.500	0.500	0.500	3.922	0.167	1.000	1.000	1.569	0.167	0.588	0.200	5.441	0.125	0.382	0.500	0.647	1.000	3.824	0.500	0.397	0.250	0.824	2.000	13.882	4.000	0.588	0.033	3.137	0.033	0.529	0.200	19.412	11.000	3.176	0.200	1.691	0.250	
37 R2              Carrier	1.275	6.000	0.212	5.000	0.000	0.000	1.275	30.000	0.400	1.000	0.500	4.000	0.463	0.250	0.000	0.000	0.440	16.000	0.650	2.000	0.675	10.000	0.525	30.000	0.738	5.000	0.188	0.250	0.000	0.000	0.338	3.000	2.250	30.000	0.169	0.250	0.863	3.000	
44 R2        HeavyCorvette	0.850	0.500	1.360	4.000	1.600	0.200	2.040	6.000	0.533	0.167	0.500	0.500	0.510	0.034	0.780	3.000	0.880	4.000	2.600	1.000	1.620	3.000	0.840	6.000	4.720	4.000	0.333	0.056	1.231	0.038	0.900	1.000	3.600	6.000	0.386	0.071	0.383	0.167	
45 R2         HeavyCruiser	2.068	18.000	0.161	7.000	2.162	4.000	0.689	30.000	1.297	6.000	2.027	30.000	1.000	1.000	0.351	20.000	0.446	30.000	1.054	6.000	1.095	30.000	0.284	30.000	0.718	9.000	1.622	4.000	2.162	1.000	1.338	22.000	1.216	30.000	1.095	3.000	1.243	8.000	
46 R2        HeavyDefender	2.179	0.333	2.615	2.000	0.000	0.000	3.923	3.000	1.119	0.091	1.282	0.333	3.795	0.067	0.500	0.500	1.692	2.000	3.333	0.333	2.077	1.000	1.077	2.000	1.513	0.333	1.049	0.045	0.000	0.000	1.154	0.333	11.538	5.000	0.865	0.042	4.423	0.500	
47 R2     HeavyInterceptor	1.932	0.250	1.545	1.000	2.273	0.063	3.091	2.000	2.424	0.167	0.909	0.200	2.242	0.033	0.394	0.333	1.000	1.000	2.955	0.250	0.818	0.333	1.273	2.000	5.364	1.000	0.909	0.033	4.848	0.033	1.364	0.333	16.364	6.000	2.455	0.100	2.614	0.250	
48 R2     IonCannonFrigate	2.615	4.000	0.262	2.000	12.308	4.000	0.915	7.000	0.308	0.250	0.192	0.500	0.949	0.167	0.100	1.000	0.338	4.000	1.000	1.000	1.246	6.000	0.592	11.000	0.227	0.500	0.769	0.333	12.308	1.000	0.346	1.000	3.923	17.000	0.692	0.333	1.769	2.000	
49 R2        LightCorvette	0.787	0.250	1.889	3.000	1.347	0.091	2.519	4.000	0.658	0.111	0.617	0.333	0.914	0.033	0.481	1.000	1.222	3.000	1.204	0.250	0.500	0.500	1.296	5.000	4.370	2.000	0.370	0.033	1.975	0.033	0.556	0.333	6.667	6.000	0.385	0.038	0.355	0.083	
51 R2     LightInterceptor	1.012	0.083	0.810	0.333	1.905	0.033	1.214	0.500	1.524	0.067	0.893	0.125	3.524	0.033	0.619	0.333	0.524	0.333	1.688	0.091	0.771	0.200	1.000	1.000	4.214	0.500	1.429	0.033	7.619	0.033	0.918	0.143	12.857	3.000	1.286	0.033	1.494	0.091	
52 R2    MinelayerCorvette	1.441	1.000	0.072	0.250	1.695	0.250	0.288	1.000	0.678	0.250	0.106	0.125	1.140	0.091	0.441	2.000	0.062	0.333	4.407	2.000	0.458	1.000	0.237	2.000	1.000	1.000	0.565	0.111	2.260	0.083	0.254	0.333	3.051	6.000	0.915	0.200	0.975	0.500	
53 R2     MissileDestroyer	3.117	11.000	1.700	30.000	5.333	4.000	1.700	30.000	1.600	3.000	2.833	17.000	0.822	0.333	1.040	24.000	1.100	30.000	1.300	3.000	2.700	30.000	0.700	30.000	1.573	8.000	1.000	1.000	5.333	1.000	2.400	16.000	3.000	30.000	0.450	0.500	1.150	3.000	
54 R2           Mothership	0.000	0.000	0.234	22.000	0.000	0.000	0.319	30.000	0.500	5.000	0.000	0.000	0.463	1.000	0.081	10.000	0.206	30.000	0.081	1.000	0.506	30.000	0.131	30.000	0.406	11.000	0.188	1.000	0.000	0.000	0.141	5.000	0.563	30.000	0.169	1.000	0.000	0.000	
55 R2     MultiGunCorvette	3.778	2.000	1.511	4.000	2.963	0.333	2.267	6.000	0.889	0.250	1.111	1.000	0.587	0.036	0.578	2.000	0.978	4.000	2.889	1.000	1.800	3.000	0.778	5.000	1.311	1.000	0.222	0.033	1.481	0.042	1.000	1.000	4.667	7.000	0.429	0.071	0.639	0.250	
58 R2       RepairCorvette	0.094	0.033	0.019	0.033	0.444	0.033	0.052	0.091	0.178	0.033	0.056	0.033	0.822	0.033	0.014	0.033	0.367	1.000	0.144	0.033	0.030	0.033	0.008	0.033	0.066	0.033	0.333	0.033	1.778	0.033	0.050	0.033	0.033	0.033	0.300	0.033	0.128	0.033	
64 R2    StandardDestroyer	1.889	6.000	0.252	4.000	5.926	4.000	1.889	30.000	1.185	2.000	1.296	7.000	0.914	0.333	0.096	2.000	0.448	11.000	1.444	3.000	1.100	11.000	0.778	30.000	0.874	4.000	2.222	2.000	5.926	1.000	0.833	5.000	3.333	30.000	1.000	1.000	1.704	4.000	
65 R2      StandardFrigate	2.217	3.000	0.443	3.000	13.913	4.000	1.035	7.000	0.696	0.500	2.174	5.000	0.804	0.125	0.226	2.000	0.383	4.000	0.565	0.500	2.583	11.000	0.670	11.000	1.026	2.000	0.870	0.333	0.000	0.000	0.783	2.000	7.043	27.000	0.587	0.250	1.000	1.000	

Statistics for R2 VS R2
	35RU	35Kill	36RU	36Kill	37RU	37Kill	44RU	44Kill	45RU	45Kill	46RU	46Kill	47RU	47Kill	48RU	48Kill	49RU	49Kill	51RU	51Kill	52RU	52Kill	53RU	53Kill	54RU	54Kill	55RU	55Kill	58RU	58Kill	64RU	64Kill	65RU	65Kill	
35 R2 AdvanceSupportFrigate	1.000	1.000	0.400	2.000	0.941	0.200	1.765	3.000	0.484	0.056	0.765	5.000	0.518	4.000	0.510	0.333	1.906	6.000	0.741	9.000	0.347	0.500	0.441	0.125	0.000	0.000	0.529	1.000	10.588	30.000	0.353	0.111	0.676	0.500	
36 R2         AttackBomber	2.500	0.500	1.000	1.000	3.922	0.167	0.588	0.200	6.218	0.143	0.255	0.333	0.647	1.000	3.824	0.500	0.397	0.250	1.235	3.000	3.471	1.000	0.588	0.033	3.137	0.033	0.662	0.250	35.294	20.000	3.971	0.250	2.255	0.333	
37 R2              Carrier	1.063	5.000	0.255	6.000	1.000	1.000	0.750	6.000	0.463	0.250	0.000	0.000	0.412	15.000	0.650	2.000	0.743	11.000	0.525	30.000	0.885	6.000	0.188	0.250	0.000	0.000	0.450	4.000	2.250	30.000	0.169	0.250	0.575	2.000	
44 R2        HeavyCorvette	0.567	0.333	1.700	5.000	1.333	0.167	1.000	1.000	0.493	0.033	0.780	3.000	0.880	4.000	1.300	0.500	1.620	3.000	1.120	8.000	10.620	9.000	0.353	0.059	0.000	0.000	0.450	0.500	18.000	30.000	0.540	0.100	0.460	0.200	
45 R2         HeavyCruiser	2.068	18.000	0.161	7.000	2.162	4.000	2.027	30.000	1.000	1.000	0.334	19.000	0.446	30.000	1.054	6.000	1.095	30.000	0.284	30.000	0.718	9.000	1.216	3.000	2.162	1.000	1.703	28.000	1.216	30.000	0.730	2.000	1.243	8.000	
46 R2        HeavyDefender	1.308	0.200	3.923	3.000	0.000	0.000	1.282	0.333	2.996	0.053	1.000	1.000	1.692	2.000	1.250	0.125	2.077	1.000	1.615	3.000	1.513	0.333	0.962	0.042	0.000	0.000	1.154	0.333	69.231	30.000	3.462	0.167	8.846	1.000	
47 R2     HeavyInterceptor	1.932	0.250	1.545	1.000	2.424	0.067	1.136	0.250	2.242	0.033	0.591	0.500	1.000	1.000	2.955	0.250	0.818	0.333	1.273	2.000	5.364	1.000	0.909	0.033	4.848	0.033	1.023	0.250	68.182	25.000	2.231	0.091	2.614	0.250	
48 R2     IonCannonFrigate	1.962	3.000	0.262	2.000	1.538	0.500	0.769	2.000	0.949	0.167	0.800	8.000	0.338	4.000	1.000	1.000	0.623	3.000	0.646	12.000	0.227	0.500	0.769	0.333	12.308	1.000	0.692	2.000	6.923	30.000	0.692	0.333	1.769	2.000	
49 R2        LightCorvette	0.525	0.167	2.519	4.000	1.347	0.091	0.617	0.333	0.914	0.033	0.481	1.000	1.222	3.000	1.605	0.333	1.000	1.000	1.296	5.000	2.185	1.000	0.370	0.033	1.975	0.033	0.556	0.333	33.333	30.000	0.667	0.067	0.387	0.091	
51 R2     LightInterceptor	1.349	0.111	0.810	0.333	1.905	0.033	0.893	0.125	3.524	0.033	0.619	0.333	0.786	0.500	1.548	0.083	0.771	0.200	1.000	1.000	2.810	0.333	1.429	0.033	7.619	0.033	0.918	0.143	128.571	30.000	1.286	0.033	1.494	0.091	
52 R2    MinelayerCorvette	2.881	2.000	0.288	1.000	1.130	0.167	0.094	0.111	1.394	0.111	0.661	3.000	0.186	1.000	4.407	2.000	0.458	1.000	0.356	3.000	1.000	1.000	0.565	0.111	2.260	0.083	0.381	0.500	0.000	0.000	1.144	0.250	0.975	0.500	
53 R2     MissileDestroyer	2.267	8.000	1.700	30.000	5.333	4.000	2.833	17.000	0.822	0.333	1.040	24.000	1.100	30.000	1.300	3.000	2.700	30.000	0.700	30.000	1.770	9.000	1.000	1.000	5.333	1.000	2.550	17.000	3.000	30.000	0.450	0.500	1.150	3.000	
54 R2           Mothership	0.000	0.000	0.319	30.000	0.000	0.000	0.000	0.000	0.463	1.000	0.000	0.000	0.206	30.000	0.081	1.000	0.506	30.000	0.131	30.000	0.442	12.000	0.188	1.000	1.000	1.000	0.141	5.000	0.563	30.000	0.169	1.000	0.000	0.000	
55 R2     MultiGunCorvette	1.889	1.000	1.511	4.000	2.222	0.250	2.222	2.000	0.587	0.036	0.867	3.000	0.978	4.000	1.444	0.500	1.800	3.000	1.089	7.000	2.622	2.000	0.392	0.059	7.111	0.200	1.000	1.000	20.000	30.000	0.857	0.143	0.639	0.250	
58 R2       RepairCorvette	0.094	0.033	0.028	0.050	0.444	0.033	0.056	0.033	0.822	0.033	0.014	0.033	0.015	0.040	0.144	0.033	0.030	0.033	0.008	0.033	0.000	0.000	0.333	0.033	1.778	0.033	0.050	0.033	1.000	1.000	0.300	0.033	0.128	0.033	
64 R2    StandardDestroyer	2.833	9.000	0.252	4.000	5.926	4.000	1.852	10.000	1.370	0.500	0.289	6.000	0.448	11.000	1.444	3.000	1.500	15.000	0.778	30.000	0.874	4.000	2.222	2.000	5.926	1.000	1.167	7.000	3.333	30.000	1.000	1.000	1.704	4.000	
65 R2      StandardFrigate	1.478	2.000	0.443	3.000	1.739	0.500	2.174	5.000	0.804	0.125	0.113	1.000	0.383	4.000	0.565	0.500	2.583	11.000	0.670	11.000	1.026	2.000	0.870	0.333	0.000	0.000	1.565	4.000	7.826	30.000	0.587	0.250	1.000	1.000	

Statistics for R2 VS P1
	70RU	70Kill	71RU	71Kill	72RU	72Kill	73RU	73Kill	74RU	74Kill	
35 R2 AdvanceSupportFrigate	0.059	25.000	0.392	0.333	0.009	4.000	0.418	0.056	0.026	11.000	
36 R2         AttackBomber	0.006	0.500	5.882	1.000	0.004	0.333	1.255	0.033	0.004	0.333	
37 R2              Carrier	0.013	25.000	0.500	2.000	0.006	12.000	0.400	0.250	0.013	25.000	
44 R2        HeavyCorvette	0.056	14.000	1.000	0.500	0.008	2.000	0.427	0.033	0.012	3.000	
45 R2         HeavyCruiser	0.007	25.000	0.811	6.000	0.007	25.000	1.730	2.000	0.007	25.000	
46 R2        HeavyDefender	0.046	3.000	3.846	0.500	0.008	0.500	2.140	0.043	0.008	0.500	
47 R2     HeavyInterceptor	0.018	1.000	3.030	0.333	0.006	0.333	1.939	0.033	0.009	0.500	
48 R2     IonCannonFrigate	0.038	25.000	0.769	1.000	0.009	6.000	0.985	0.200	0.037	24.000	
49 R2        LightCorvette	0.052	7.000	1.852	0.500	0.004	0.500	0.790	0.033	0.004	0.500	
51 R2     LightInterceptor	0.014	0.500	1.786	0.125	0.005	0.167	3.048	0.033	0.010	0.333	
52 R2    MinelayerCorvette	0.010	3.000	3.390	2.000	0.003	1.000	0.904	0.083	0.001	0.333	
53 R2     MissileDestroyer	0.017	25.000	1.000	3.000	0.017	25.000	0.711	0.333	0.017	25.000	
54 R2           Mothership	0.003	25.000	0.063	1.000	0.003	23.000	0.400	1.000	0.003	25.000	
55 R2     MultiGunCorvette	0.044	10.000	2.222	1.000	0.009	2.000	0.474	0.033	0.013	3.000	
58 R2       RepairCorvette	0.000	0.000	0.111	0.033	0.000	0.038	0.711	0.033	0.000	0.033	
64 R2    StandardDestroyer	0.019	25.000	1.111	3.000	0.009	12.000	1.185	0.500	0.019	25.000	
65 R2      StandardFrigate	0.043	25.000	0.435	0.500	0.016	9.000	0.696	0.125	0.043	25.000	

Statistics for R2 VS P2
	75RU	75Kill	77RU	77Kill	78RU	78Kill	79RU	79Kill	
35 R2 AdvanceSupportFrigate	0.412	7.000	0.418	0.056	0.098	0.083	0.471	8.000	
36 R2         AttackBomber	0.147	0.500	1.298	0.034	0.980	0.167	2.059	7.000	
37 R2              Carrier	0.313	25.000	0.000	0.000	0.063	0.250	0.000	0.000	
44 R2        HeavyCorvette	0.200	2.000	3.200	0.250	0.250	0.125	0.200	2.000	
45 R2         HeavyCruiser	0.169	25.000	0.288	0.333	0.405	3.000	0.169	25.000	
46 R2        HeavyDefender	0.192	0.500	7.033	0.143	1.099	0.143	0.192	0.500	
47 R2     HeavyInterceptor	0.909	2.000	1.939	0.033	1.299	0.143	11.364	25.000	
48 R2     IonCannonFrigate	0.000	0.000	0.492	0.100	0.256	0.333	0.000	0.000	
49 R2        LightCorvette	0.741	4.000	1.975	0.083	0.285	0.077	0.185	1.000	
51 R2     LightInterceptor	1.429	2.000	3.048	0.033	1.190	0.083	2.857	4.000	
52 R2    MinelayerCorvette	0.169	2.000	0.904	0.083	0.424	0.250	0.169	2.000	
53 R2     MissileDestroyer	0.417	25.000	0.711	0.333	0.667	2.000	0.417	25.000	
54 R2           Mothership	0.078	25.000	0.800	2.000	0.063	1.000	0.078	25.000	
55 R2     MultiGunCorvette	0.222	2.000	3.556	0.250	0.278	0.125	0.333	3.000	
58 R2       RepairCorvette	0.000	0.000	0.000	0.000	0.111	0.033	0.000	0.000	
64 R2    StandardDestroyer	0.463	25.000	0.474	0.200	0.741	2.000	0.463	25.000	
65 R2      StandardFrigate	0.435	10.000	0.557	0.100	0.290	0.333	0.391	9.000	

Statistics for P1 VS R1
	0RU	0Kill	1RU	1Kill	2RU	2Kill	3RU	3Kill	5RU	5Kill	9RU	9Kill	10RU	10Kill	11RU	11Kill	12RU	12Kill	13RU	13Kill	14RU	14Kill	16RU	16Kill	17RU	17Kill	18RU	18Kill	19RU	19Kill	20RU	20Kill	23RU	23Kill	29RU	29Kill	30RU	30Kill	
70 P1            P1Fighter	17.000	0.040	85.000	1.000	80.000	0.040	28.333	0.333	32.000	0.040	16.667	0.067	148.000	0.040	21.667	0.333	13.750	0.250	26.000	0.040	22.500	0.167	35.000	1.000	295.000	1.000	60.000	0.040	320.000	0.040	18.750	0.083	75.000	0.500	54.000	0.040	23.000	0.040	
71 P1    P1IonArrayFrigate	3.400	4.000	0.170	1.000	16.000	4.000	0.680	4.000	0.320	0.200	0.250	0.500	1.233	0.167	0.130	1.000	0.330	3.000	1.300	1.000	0.810	3.000	0.490	7.000	0.197	0.333	1.000	0.333	16.000	1.000	0.225	0.500	2.700	9.000	0.900	0.333	2.300	2.000	
72 P1    P1MissileCorvette	106.250	0.250	255.000	3.000	200.000	0.100	340.000	4.000	80.000	0.100	125.000	0.500	148.000	0.040	65.000	1.000	220.000	4.000	108.333	0.167	405.000	3.000	175.000	5.000	295.000	1.000	60.000	0.040	320.000	0.040	112.500	0.500	600.000	4.000	79.412	0.059	63.889	0.111	
73 P1         P1Mothership	2.391	18.000	0.797	30.000	2.500	4.000	0.797	30.000	1.750	7.000	2.344	30.000	0.578	0.500	0.589	29.000	0.516	30.000	1.016	5.000	1.266	30.000	0.328	30.000	1.106	12.000	0.937	2.000	2.500	1.000	2.039	29.000	1.406	30.000	0.844	2.000	0.898	5.000	
74 P1   P1StandardCorvette	60.714	0.143	170.000	2.000	80.000	0.040	85.000	1.000	32.000	0.040	83.333	0.333	148.000	0.040	65.000	1.000	110.000	2.000	34.211	0.053	270.000	2.000	105.000	3.000	295.000	1.000	60.000	0.040	320.000	0.040	75.000	0.333	450.000	3.000	54.000	0.040	23.000	0.040	

Statistics for P1 VS R2
	35RU	35Kill	36RU	36Kill	37RU	37Kill	44RU	44Kill	45RU	45Kill	46RU	46Kill	47RU	47Kill	48RU	48Kill	49RU	49Kill	51RU	51Kill	52RU	52Kill	53RU	53Kill	54RU	54Kill	55RU	55Kill	58RU	58Kill	64RU	64Kill	65RU	65Kill	
70 P1            P1Fighter	17.000	0.040	170.000	2.000	80.000	0.040	17.857	0.071	148.000	0.040	21.667	0.333	55.000	1.000	26.000	0.040	19.286	0.143	70.000	2.000	98.333	0.333	60.000	0.040	320.000	0.040	22.500	0.100	0.000	0.000	54.000	0.040	23.000	0.040	
71 P1    P1IonArrayFrigate	2.550	3.000	0.170	1.000	2.000	0.500	1.000	2.000	1.233	0.167	0.260	2.000	0.330	3.000	1.300	1.000	0.540	2.000	0.560	8.000	0.295	0.500	1.000	0.333	16.000	1.000	0.450	1.000	9.000	30.000	0.900	0.333	2.300	2.000	
72 P1    P1MissileCorvette	106.250	0.250	255.000	3.000	166.667	0.083	125.000	0.500	148.000	0.040	130.000	2.000	165.000	3.000	108.333	0.167	270.000	2.000	210.000	6.000	295.000	1.000	60.000	0.040	347.826	0.043	112.500	0.500	3900.000	26.000	112.500	0.083	63.889	0.111	
73 P1         P1Mothership	2.391	18.000	0.797	30.000	2.500	4.000	2.344	30.000	0.578	0.500	0.467	23.000	0.516	30.000	1.016	5.000	1.266	30.000	0.328	30.000	1.106	12.000	1.406	3.000	2.500	1.000	2.109	30.000	1.406	30.000	0.844	2.000	1.438	8.000	
74 P1   P1StandardCorvette	38.636	0.091	255.000	3.000	80.000	0.040	83.333	0.333	148.000	0.040	130.000	2.000	110.000	2.000	27.083	0.042	270.000	2.000	105.000	3.000	885.000	3.000	60.000	0.040	320.000	0.040	75.000	0.333	4500.000	30.000	54.000	0.040	23.000	0.040	

Statistics for P1 VS P1
	70RU	70Kill	71RU	71Kill	72RU	72Kill	73RU	73Kill	74RU	74Kill	
70 P1            P1Fighter	1.000	1.000	20.000	0.040	0.167	0.167	128.000	0.040	0.250	0.250	
71 P1    P1IonArrayFrigate	0.050	25.000	1.000	1.000	0.006	3.000	1.067	0.167	0.024	12.000	
72 P1    P1MissileCorvette	6.000	6.000	166.667	0.333	1.000	1.000	128.000	0.040	2.000	2.000	
73 P1         P1Mothership	0.008	25.000	0.937	6.000	0.008	25.000	1.000	1.000	0.008	25.000	
74 P1   P1StandardCorvette	4.000	4.000	41.667	0.083	0.500	0.500	128.000	0.040	1.000	1.000	

Statistics for P2 VS R1
	0RU	0Kill	1RU	1Kill	2RU	2Kill	3RU	3Kill	5RU	5Kill	9RU	9Kill	10RU	10Kill	11RU	11Kill	12RU	12Kill	13RU	13Kill	14RU	14Kill	16RU	16Kill	17RU	17Kill	18RU	18Kill	19RU	19Kill	20RU	20Kill	23RU	23Kill	29RU	29Kill	30RU	30Kill	
75 P2     P2AdvanceSwarmer	5.667	0.333	6.800	2.000	3.200	0.040	3.400	1.000	3.556	0.111	5.000	0.500	5.920	0.040	5.200	2.000	1.100	0.500	0.000	0.000	2.700	0.500	0.127	0.091	3.933	0.333	2.400	0.040	12.800	0.040	4.500	0.500	2.000	0.333	2.160	0.040	3.286	0.143	
77 P2         P2Mothership	2.391	18.000	0.000	0.000	2.500	4.000	0.797	30.000	0.750	3.000	0.313	4.000	3.469	3.000	0.183	9.000	0.516	30.000	2.031	10.000	0.506	12.000	0.328	30.000	1.106	12.000	1.406	3.000	2.500	1.000	0.352	5.000	0.000	0.000	2.109	5.000	1.977	11.000	
78 P2   P2MultiBeamFrigate	8.500	10.000	0.510	3.000	16.000	4.000	1.360	8.000	3.200	2.000	4.000	8.000	2.467	0.333	0.910	7.000	0.550	5.000	3.900	3.000	3.510	13.000	0.770	11.000	1.770	3.000	1.500	0.500	5.333	0.333	3.600	8.000	9.000	30.000	1.350	0.500	3.450	3.000	
79 P2            P2Swarmer	2.833	0.167	1.133	0.333	0.000	0.000	0.850	0.250	2.286	0.071	5.000	0.500	0.000	0.000	5.200	2.000	0.157	0.071	0.000	0.000	5.400	1.000	0.156	0.111	2.950	0.250	2.400	0.040	12.800	0.040	3.000	0.333	3.000	0.500	2.160	0.040	2.556	0.111	

Statistics for P2 VS R2
	35RU	35Kill	36RU	36Kill	37RU	37Kill	44RU	44Kill	45RU	45Kill	46RU	46Kill	47RU	47Kill	48RU	48Kill	49RU	49Kill	51RU	51Kill	52RU	52Kill	53RU	53Kill	54RU	54Kill	55RU	55Kill	58RU	58Kill	64RU	64Kill	65RU	65Kill	
75 P2     P2AdvanceSwarmer	2.429	0.143	6.800	2.000	3.200	0.040	5.000	0.500	5.920	0.040	5.200	2.000	1.100	0.500	0.000	0.000	1.350	0.250	0.700	0.500	5.900	0.500	2.400	0.040	12.800	0.040	4.500	0.500	0.000	0.000	2.160	0.040	2.300	0.100	
77 P2         P2Mothership	2.391	18.000	0.770	29.000	0.000	0.000	0.313	4.000	3.469	3.000	0.142	7.000	0.516	30.000	2.031	10.000	0.506	12.000	0.328	30.000	1.106	12.000	1.406	3.000	1.250	0.500	0.281	4.000	0.000	0.000	2.109	5.000	1.797	10.000	
78 P2   P2MultiBeamFrigate	10.200	12.000	1.020	6.000	16.000	4.000	4.000	8.000	2.467	0.333	0.910	7.000	0.770	7.000	3.900	3.000	3.510	13.000	0.840	12.000	2.360	4.000	1.500	0.500	16.000	1.000	3.600	8.000	9.000	30.000	1.350	0.500	3.450	3.000	
79 P2            P2Swarmer	2.125	0.125	0.486	0.143	0.000	0.000	5.000	0.500	5.920	0.040	5.200	2.000	0.088	0.040	0.000	0.000	5.400	1.000	0.350	0.250	5.900	0.500	2.400	0.040	12.800	0.040	3.000	0.333	0.000	0.000	2.160	0.040	2.556	0.111	

Statistics for P2 VS P2
	75RU	75Kill	77RU	77Kill	78RU	78Kill	79RU	79Kill	
75 P2     P2AdvanceSwarmer	1.000	1.000	5.120	0.040	2.222	0.111	0.000	0.000	
77 P2         P2Mothership	0.195	25.000	1.000	1.000	0.625	4.000	0.195	25.000	
78 P2   P2MultiBeamFrigate	0.450	9.000	1.600	0.250	1.000	1.000	0.500	10.000	
79 P2            P2Swarmer	0.000	0.000	5.120	0.040	2.000	0.100	1.000	1.000	

